-13.169566999695991 -1.9590046147213362
-23.523301587257205 -19.575425835984035
27.205211153338414 -10.716943814918313
-6.774796020671456 -3.17286834039653
-25.910891331517583 -13.28153923871276
15.836029190162488 -3.702176044111818
-12.857427265985873 13.576806393587107
-30.25226813527158 -11.382408668502467
21.8709325888578 -2.995888087911198
-13.634339620117792 15.890598755603548
-32.49818403022201 -24.352768150415688
17.549474462761427 -16.18308843160065
-31.80169231494425 -3.8200657779190195
-30.224693879629925 -36.509404813810164
11.788874625776971 -23.457594410386307
-44.04669821123864 -8.487773856366287
-28.17498424877954 -35.89040290336224
0.13232430815828877 -21.18520428723269
-49.4265418262772 -7.309050781440975
-5.638284396599499 -27.401185845797105
-3.062996616216334 -4.2332340302235885
-23.715798775838554 13.590958046597317
-0.7569106829810153 8.548263179484655
-24.889920530609405 -16.044623679387023
7.132612595329974 -4.6175258086716
-47.33931734564027 -19.210558634454785
-18.152670349311023 -20.919875004764442
1.5095889072396629 -1.8953683899058102
-49.44783821396493 -11.117871370156188
6.0867432289962835 -19.739200480319553
-21.24438689999727 -3.6554798150511965
-40.68891986718822 -14.662418974059037
11.516478377632517 -28.592626605376193
-43.120697722232286 -17.677384884820132
-15.543262200058324 -27.381080678610722
0.18504265729493963 -26.500950167005797
-40.612977638198835 -4.476338439314775
6.827069210602573 -16.06118662255338
-7.749145607040104 -2.862897974471969
-36.160271655735734 -1.6021249916751943
14.625425359835841 -19.833665464377173
-28.21058028777735 -11.819261689723104
-29.800523509908427 -22.473963793940435
8.213456865400582 -28.401540525083966
-19.18899774625768 -9.328444957463638
-21.936475261379833 -19.159268191923324
1.3603484243125266 -22.038944722870486
-5.955697410873948 5.841908595448714
-27.263556962039374 -15.352290335042559
-2.835330393681055 -10.334274048582643
