-6.3624015362505 -15.135464649312432
-9.636105002343388 -26.499806793024838
-9.968286976913081 -24.82736956238327
-10.369239623496238 -15.318351499873291
1.751941359640238 2.9534324814851707
-0.8980355231355848 6.6761780300038165
-19.1778492233039 -11.827330584376854
-11.015634174151932 -15.544468902447647
-5.699149783684646 -12.619642628133086
-6.163254777800073 -9.395822319315682
1.9224774675754333 0.2080879956544628
14.99876761829431 0.8415683160318562
-0.0748954329514131 -5.1642687593099375
-8.022597726503353 -7.792140120979136
-3.8344451836485156 -5.009314110821071
-20.644750258746015 -8.786633836150735
-12.647999993704804 -16.011497293813445
-10.164458015021232 -10.455941674717007
-18.27993715576987 -5.404959572621949
-17.34443224484224 -12.295877496171496
-7.623959879258269 -7.673898633521825
-5.586891556097846 -8.08948872016354
-8.205989847925009 -10.431860486417861
-8.616803807549273 -5.856769979557114
-13.5630597450047 -9.681085847939787
-11.95906174381685 -13.380185563605027
-9.194460180643981 -14.164900746179203
-3.851759231417753 -3.282466691530651
-11.951476399830407 -5.511224575955105
-11.553362762605737 -14.0896907407602
9.876344256309265 -2.416424782621551
-5.358300778400519 -0.9215313532226102
-25.094949484341747 -3.810899680266484
-9.95606158868322 -5.446462853268796
-8.606362512923436 -19.791527834566658
17.529321379024275 -1.6383273086320713
5.937974318441849 9.372219721927792
-34.334060892658684 -11.784175674152383
-13.644561616867774 -25.237677906103034
6.129075583212346 -37.4048861201837
-5.668639707250735 -7.5411067166119565
-12.105122653607081 -9.100980130389862
-19.55190479662843 -13.875277371625995
-12.217656778611678 -18.28692469328175
3.746088900762528 -20.03974992617287
-1.8858909818938088 4.753314673277859
-15.717327099185491 4.913748364548912
-11.865966157976768 -7.499178006165856
-7.504193051754798 -25.737376369833598
2.81936350621951 -15.292169348289313
-2.0784244634931106 3.439251152956421
-22.225413578997674 4.380430101250861
-10.383507020243844 -6.494617916067181
-10.199438154953869 -23.745716257945787
7.745428963218472 -6.381749754581296
-5.173405685811508 5.563722301379655
-33.18968097657054 -4.954702872310168
-8.275949333350283 -12.528804801996476
-7.072710760637316 -24.602083847697028
-3.2102447610769094 -11.93594894861502
-3.2320374432958143 5.356579327073218
-30.086728962650927 -8.77409380720167
-19.49670171425231 -28.146425183516072
-1.3568370390486848 -24.64528997722453
-8.550969812298977 -9.466334277883217
-14.530425486601041 -3.049902664617697
-3.806745606418943 0.47259199906188876
-0.36053830736814607 -5.843094993378818
-4.027416276794295 -16.288340918020356
