-25.379196928199 -6.155796917510045
-22.484881313521765 -6.044608458593077
-11.001731476021138 -3.56515493190407
3.313834939678504 -2.3815586571071776
7.4872429717999704 -0.20604921373913143
-5.762516575476165 0.4416349959280259
-8.61647457921028 2.9864740245915335
3.123256465704767 3.8680204853513818
6.407338754580788 4.04184523040745
5.903665328768167 1.424144747474387
2.5084312374458007 -5.858341487789172
2.0375667376506486 -1.3903880019922088
-5.565459483689505 -12.912787592420283
-3.977060181794136 -17.033677595650957
-8.88201814488317 -11.42135352198966
-3.6913934826095955 8.056245531850793
-0.5784866589739721 -5.093380963068328
-5.3082618274093765 -15.739341405787545
-8.776382871921905 -8.521814980391708
-12.288743793707544 -5.823064644815712
-10.879922304007502 -17.320678548399894
-18.465925739485456 -20.333405395697866
-9.974997149586581 1.1654155395512849
-10.472520298937539 -7.317217938970071
-12.16596593440498 -2.271751414201831
-9.373042908348136 2.4356008944234873
6.672734984952974 -0.757979770768813
-5.337689163267154 -11.040518329491087
-14.530994400541086 -2.696731704575705
-7.033292132496694 4.093435995008011
7.540621624194627 -2.421575104791849
8.601034214891865 -24.237999407034295
-10.085306469236071 -8.717107245124765
-19.190076027062503 -9.270305702762244
-17.300384390955138 -4.8914699534690165
-4.234571475940951 -2.9245364652494636
1.1680083352577606 -7.078341142656875
-5.289176931023524 -2.407306642260065
-8.701414642577841 -1.0352457492559903
-4.313200131233846 -10.263231628110274
-5.901896703353861 -15.191732291715342
-5.481781577692269 -10.915048565730498
-4.0075820840070095 0.08403426744402775
-0.07039093650835415 -3.659906640980445
-10.826828892006898 -24.803508209927315
-18.21923897383766 -13.812150003871754
-21.590562284189488 -12.271980984881068
-24.36598088766239 -17.888620386099454
-16.86198360797168 -17.81021771881288
-12.381103732827599 -11.952935586519583
-13.189024722157356 -6.078068598972015
-7.207001904825201 4.1455609573528776
1.0758312108391763 -1.7813243574166133
3.347043565975029 -1.555565312046724
-5.379661718206555 -5.373723734365826
-8.75289300522557 -0.5772781728880645
10.781402682873956 8.749190331462025
6.6581008749984125 -20.227612566676143
14.039781410274912 -3.1728670946634026
