-14.467290444404973 -5.113299760946974
-12.923384624895133 1.5801926148525172
13.304117384377555 16.69997537620433
-5.703548409046094 17.292510050461797
-25.395790217239494 -8.714753346868186
-17.12023689085988 -21.05477590430673
-4.9128899160075505 -13.653159848056973
-17.264768069598496 -12.079662576709625
-14.070545776305416 -14.696653718854622
21.596109173676354 3.7686274266187834
-5.7026147118782475 -1.2126448402801389
-23.04103865553976 -17.635317641463732
9.894188619030734 -3.1658010602904225
-8.500344399624955 2.131214270231391
-30.68919019819066 -9.572329627632445
-4.774762832638476 -10.716395673484609
-8.767257442755835 4.44706942364663
-32.93168625166571 -15.367744822195803
-23.003532376113675 -29.66139282977818
2.362072884559847 -5.737259103861115
-3.638319148523309 -10.044154208473627
-4.439475063317964 -15.962567631672997
0.785454876002559 -1.6954622631677747
-15.421908705710363 -15.173771068060738
-17.230911981238634 -23.61434655541701
35.26207330673759 25.144661481233463
6.851283999740316 -12.040343196617368
-7.1507349520749255 -8.538827472662177
-12.20290532638211 -29.969630645109387
-17.01606430029318 -11.120275965608215
-23.827762274017825 -23.95087979004199
-17.738089654332843 -16.770986105652206
13.134097235568012 27.474800418143506
4.248127802975054 15.421215241674272
-16.012179693219075 1.8688436022937314
-10.22245505630389 -8.829312397776716
-14.17101717713593 -15.039841844723627
-29.037875858908876 -21.052747653130254
-20.161276415012892 -19.70711144981528
-2.8550696564947424 -3.413052143915746
-11.518316272674676 -11.664042160474917
-18.409388286994712 -19.159901909413232
-17.456673071719493 -11.796859843056758
-5.192708944859497 -12.292451593951037
-14.583948235558967 -13.360831943454166
-20.98863535076131 -14.636771932500453
-16.886216481302668 -21.05566040078159
-10.91946747014233 -22.74226099417368
-9.679387538840356 -16.45769023908621
-13.2856648134689 -18.737033937666393
7.081006327866169 -3.795197772110992
-13.359164994458698 -10.437265735595822
-26.771727471282226 -18.767617654887456
-21.416361044706935 -13.983461185314779
-11.80489657046694 -10.674000862628136
-27.23549548281563 -26.624704250202377
-25.585064972955337 -33.169818235748444
-4.024809621274367 -21.481046999665093
